Points
(-250.0, -183.269775390625, -170.0358428955078)
(-250.0, -195.4551239013672, -155.8759002685547)
(-234.54127502441406, -178.9740753173828, -174.55165100097656)
(-239.12997436523438, -188.75100708007812, -163.9300537109375)
(-238.55491638183594, -204.0841827392578, -144.39405822753906)
(-234.09091186523438, -196.22265625, -154.90858459472656)
(-227.0176544189453, -189.04087829589844, -163.59567260742188)
(-219.06997680664062, -180.31996154785156, -173.1609344482422)
(-225.56272888183594, -202.1758575439453, -147.0541534423828)
(-222.7460479736328, -196.257080078125, -154.86497497558594)
(-211.3056640625, -191.35194396972656, -160.88638305664062)
(-204.31483459472656, -182.78448486328125, -170.55740356445312)
(-214.55809020996094, -199.07470703125, -151.2258758544922)
(-189.62249755859375, -178.90501403808594, -174.6224365234375)
(-194.90940856933594, -189.4826202392578, -163.08383178710938)
(-199.66741943359375, -199.48428344726562, -150.68516540527344)
(-185.10032653808594, -195.30474853515625, -156.06427001953125)
(-183.94793701171875, -202.6053924560547, -146.46177673339844)
(-250.0, -171.39068603515625, -163.3649444580078)
(-250.0, -157.51333618164062, -170.63836669921875)
(-250.0, -183.2841796875, -156.00784301757812)
(-250.0, -189.68450927734375, -142.35418701171875)
(-250.0, -197.92112731933594, -127.92333221435547)
(-250.0, -158.1540985107422, -154.0457000732422)
(-250.0, -174.36683654785156, -147.01499938964844)
(-250.0, -178.7930450439453, -127.30615234375)
(-250.0, -164.89454650878906, -139.01116943359375)
(-250.0, -158.3975372314453, -126.23153686523438)
(-227.0537872314453, -173.1212615966797, -164.01661682128906)
(-241.14230346679688, -189.54258728027344, -148.15280151367188)
(-237.96804809570312, -177.5191650390625, -156.08624267578125)
(-240.5231475830078, -174.5117950439453, -142.47665405273438)
(-229.7959747314453, -179.96731567382812, -144.94212341308594)
(-229.03663635253906, -187.43112182617188, -151.78712463378906)
(-241.39242553710938, -196.46966552734375, -134.56661987304688)
(-236.2001190185547, -186.38821411132812, -135.46299743652344)
(-232.63157653808594, -194.76913452148438, -139.6372528076172)
(-216.74661254882812, -163.6515350341797, -171.11077880859375)
(-190.43653869628906, -181.8614959716797, -158.46261596679688)
(-193.37353515625, -188.17965698242188, -149.89599609375)
(-198.29681396484375, -172.9717254638672, -152.55667114257812)
(-204.243896484375, -180.62240600585938, -156.50108337402344)
(-188.63926696777344, -165.6166534423828, -173.47076416015625)
(-241.9788818359375, -171.8649139404297, -169.8485107421875)
(-239.59288024902344, -165.6123046875, -160.4774627685547)
(-230.5492706298828, -160.0824432373047, -170.66787719726562)
(-235.67941284179688, -203.45188903808594, -128.4533233642578)
(-230.69720458984375, -192.0852508544922, -125.58592987060547)
(-221.70286560058594, -196.20037841796875, -134.027587890625)
(-220.42408752441406, -183.20480346679688, -138.337646484375)
(-221.12310791015625, -193.21365356445312, -144.02374267578125)
(-230.24362182617188, -169.93031311035156, -152.10354614257812)
(-239.1620330810547, -160.2693328857422, -145.42779541015625)
(-227.56417846679688, -157.0242156982422, -158.07962036132812)
(-219.33326721191406, -183.7383270263672, -154.36581420898438)
(-219.2041473388672, -166.734130859375, -154.87669372558594)
(-228.34786987304688, -175.33143615722656, -133.90733337402344)
(-212.35125732421875, -174.1676025390625, -163.14096069335938)
(-237.7731475830078, -167.10621643066406, -133.39280700683594)
(-211.47210693359375, -192.5194549560547, -128.0364227294922)
(-215.3194580078125, -173.21499633789062, -147.86512756347656)
(-228.10289001464844, -165.40707397460938, -141.8987274169922)
(-228.48977661132812, -155.03350830078125, -146.52249145507812)
(-206.51425170898438, -200.0585174560547, -132.7027130126953)
(-209.38766479492188, -191.11856079101562, -144.75177001953125)
(-229.03298950195312, -159.1824951171875, -130.45872497558594)
(-198.94761657714844, -172.41171264648438, -165.44082641601562)
(-209.48916625976562, -163.01046752929688, -159.08889770507812)
(-202.03648376464844, -189.394775390625, -155.1817169189453)
(-202.85960388183594, -180.0956268310547, -142.3332061767578)
(-184.91685485839844, -165.17431640625, -138.75732421875)
(-193.766845703125, -194.2782745361328, -139.860107421875)
(-214.481689453125, -169.96775817871094, -133.74339294433594)
(-190.3950958251953, -177.17564392089844, -142.5646514892578)
(-204.1868438720703, -188.6074676513672, -132.18533325195312)
(-191.36404418945312, -202.25682067871094, -130.2192840576172)
(-184.31924438476562, -173.81178283691406, -166.67486572265625)
(-185.0719757080078, -163.13186645507812, -164.349853515625)
(-196.81600952148438, -158.69610595703125, -164.08067321777344)
(-187.2082061767578, -169.0628204345703, -155.11056518554688)
(-211.7221221923828, -180.08566284179688, -126.49066925048828)
(-193.69244384765625, -155.8473358154297, -155.8074951171875)
(-199.88076782226562, -178.99842834472656, -127.4238510131836)
(-190.24293518066406, -188.55747985839844, -130.74908447265625)
(-208.2888946533203, -160.95230102539062, -146.1739044189453)
(-200.8110809326172, -168.35218811035156, -138.4222869873047)
(-196.7339630126953, -162.56109619140625, -147.5733642578125)
(-218.0879364013672, -160.16824340820312, -142.02537536621094)
(-188.01002502441406, -172.5057830810547, -132.392822265625)
(-196.18655395507812, -161.80149841308594, -128.85397338867188)
(-206.19284057617188, -158.18536376953125, -135.5683135986328)
(-250.0, -177.8563995361328, -175.44921875)
(-236.1328125, -178.05384826660156, -175.44921875)
(-250.0, -170.6660614013672, -174.01077270507812)
(-250.0, -160.91616821289062, -174.07078552246094)
(-245.3260955810547, -171.1016387939453, -175.44921875)
(-250.0, -204.568603515625, -143.52716064453125)
(-240.91110229492188, -204.59524536132812, -143.65823364257812)
(-250.0, -203.53094482421875, -141.095703125)
(-250.0, -202.7327117919922, -135.10072326660156)
(-248.92886352539062, -204.5079803466797, -141.70655822753906)
(-248.3193817138672, -204.59524536132812, -139.598876953125)
(-250.0, -201.11566162109375, -127.42057037353516)
(-234.82818603515625, -178.03823852539062, -175.44921875)
(-247.47007751464844, -159.5381622314453, -173.9634246826172)
(-240.6884002685547, -170.16465759277344, -175.44921875)
(-232.92971801757812, -162.20379638671875, -175.44921875)
(-233.42111206054688, -178.0535430908203, -175.44921875)
(-238.7892608642578, -204.59524536132812, -143.63156127929688)
(-237.69908142089844, -204.59524536132812, -143.6352996826172)
(-247.7406463623047, -201.5498809814453, -129.56517028808594)
(-241.60826110839844, -204.59524536132812, -134.19442749023438)
(-236.5891876220703, -204.59524536132812, -129.26470947265625)
(-235.87615966796875, -204.5757293701172, -128.01473999023438)
(-220.0871124267578, -177.9912109375, -175.44921875)
(-225.00254821777344, -171.25775146484375, -175.44921875)
(-219.17649841308594, -165.89663696289062, -175.44921875)
(-227.92050170898438, -163.81817626953125, -175.44921875)
(-216.0159149169922, -178.0025634765625, -175.44921875)
(-226.2119598388672, -204.59524536132812, -143.51248168945312)
(-217.01815795898438, -204.59524536132812, -143.64402770996094)
(-229.61404418945312, -204.59524536132812, -136.6532440185547)
(-234.4022979736328, -204.59524536132812, -129.49118041992188)
(-225.279541015625, -204.59524536132812, -134.51473999023438)
(-234.8448028564453, -204.54307556152344, -127.91195678710938)
(-205.25624084472656, -177.90097045898438, -175.44921875)
(-191.40673828125, -178.0608673095703, -175.44921875)
(-212.8844757080078, -166.40130615234375, -175.44921875)
(-192.57957458496094, -166.76773071289062, -175.44921875)
(-208.70147705078125, -172.06861877441406, -175.44921875)
(-203.4456024169922, -171.50523376464844, -175.44921875)
(-213.668701171875, -204.59524536132812, -143.61361694335938)
(-211.25552368164062, -204.59524536132812, -143.61752319335938)
(-214.37591552734375, -204.59524536132812, -141.373779296875)
(-214.1200408935547, -204.59524536132812, -142.38632202148438)
(-212.25184631347656, -204.59524536132812, -140.52906799316406)
(-213.22560119628906, -204.59524536132812, -142.41561889648438)
(-217.0205535888672, -204.59524536132812, -132.20437622070312)
(-208.43099975585938, -204.59524536132812, -131.88352966308594)
(-189.6868133544922, -178.04185485839844, -175.44921875)
(-188.93145751953125, -165.79360961914062, -175.44921875)
(-188.27651977539062, -178.13595581054688, -175.3794708251953)
(-186.03610229492188, -182.11367797851562, -171.15365600585938)
(-187.13916015625, -179.14260864257812, -174.37713623046875)
(-181.9662628173828, -188.25003051757812, -164.5030059814453)
(-198.38107299804688, -204.59524536132812, -143.42520141601562)
(-186.71725463867188, -203.96559143066406, -144.4858856201172)
(-201.8773193359375, -204.59524536132812, -134.84039306640625)
(-195.886474609375, -203.3472442626953, -138.10108947753906)
(-193.36178588867188, -204.59524536132812, -132.5178680419922)
(-204.8507080078125, -204.59524536132812, -130.81265258789062)
(-186.0602569580078, -167.00119018554688, -175.30413818359375)
(-183.08761596679688, -173.46275329589844, -169.2467803955078)
(-181.9662628173828, -191.26165771484375, -160.89459228515625)
(-181.9662628173828, -186.59994506835938, -163.3307342529297)
(-181.9662628173828, -180.66677856445312, -165.75970458984375)
(-181.9662628173828, -175.54547119140625, -168.44207763671875)
(-181.9662628173828, -195.3482208251953, -156.00979614257812)
(-181.9662628173828, -190.90975952148438, -150.82998657226562)
(-183.77053833007812, -203.95199584960938, -144.4977569580078)
(-181.97743225097656, -202.9729461669922, -145.94229125976562)
(-181.9662628173828, -201.5631561279297, -147.83447265625)
(-181.9662628173828, -199.60894775390625, -141.3408203125)
(-181.9662628173828, -201.0938720703125, -146.35523986816406)
(-181.9662628173828, -195.280517578125, -147.06646728515625)
(-190.85252380371094, -204.59524536132812, -129.6383514404297)
(-188.72357177734375, -204.59524536132812, -132.1097412109375)
(-250.0, -155.80361938476562, -173.8259735107422)
(-250.0, -154.59524536132812, -170.01918029785156)
(-245.04771423339844, -157.09678649902344, -174.32708740234375)
(-246.55747985839844, -154.59524536132812, -171.60231018066406)
(-245.71458435058594, -154.59524536132812, -165.1862335205078)
(-250.0, -198.69482421875, -125.44921112060547)
(-250.0, -196.29737854003906, -125.44921112060547)
(-247.97251892089844, -200.30799865722656, -125.61239624023438)
(-245.08779907226562, -195.0978240966797, -125.44921112060547)
(-250.0, -154.59524536132812, -157.1431884765625)
(-250.0, -154.59524536132812, -153.08213806152344)
(-250.0, -154.59524536132812, -145.16050720214844)
(-245.14759826660156, -154.59524536132812, -154.46707153320312)
(-250.0, -180.8885498046875, -125.44921112060547)
(-250.0, -179.05796813964844, -125.44921112060547)
(-250.0, -177.38314819335938, -125.44921112060547)
(-248.17559814453125, -178.7637176513672, -125.44921112060547)
(-245.65463256835938, -186.57534790039062, -125.44921112060547)
(-238.29342651367188, -179.86798095703125, -125.44921112060547)
(-247.1711883544922, -175.6604461669922, -125.44921112060547)
(-250.0, -154.78790283203125, -140.9459686279297)
(-242.73240661621094, -154.95333862304688, -138.4688720703125)
(-250.0, -156.60403442382812, -131.27037048339844)
(-247.6697235107422, -154.59524536132812, -142.17210388183594)
(-250.0, -158.90655517578125, -125.44921112060547)
(-250.0, -157.4102325439453, -126.76695251464844)
(-250.0, -158.20559692382812, -125.44921112060547)
(-250.0, -157.5624542236328, -125.82866668701172)
(-248.5884552001953, -159.57249450683594, -125.44921112060547)
(-248.82516479492188, -157.32064819335938, -125.96072387695312)
(-248.12416076660156, -157.04922485351562, -128.48663330078125)
(-235.99163818359375, -179.94827270507812, -125.5083236694336)
(-241.82858276367188, -193.7991943359375, -125.61224365234375)
(-241.1278533935547, -192.3261260986328, -125.44921112060547)
(-235.88540649414062, -180.32273864746094, -125.44921112060547)
(-235.48585510253906, -204.0581512451172, -127.32010650634766)
(-214.49981689453125, -160.63722229003906, -175.44921875)
(-220.03390502929688, -160.25213623046875, -175.3796844482422)
(-220.408935546875, -156.65032958984375, -171.1471405029297)
(-212.8134307861328, -155.93812561035156, -169.34779357910156)
(-204.18736267089844, -159.64744567871094, -175.44921875)
(-181.9662628173828, -180.067138671875, -159.55616760253906)
(-181.9662628173828, -178.0679931640625, -153.20877075195312)
(-181.9662628173828, -187.06695556640625, -149.6338348388672)
(-181.9662628173828, -188.22955322265625, -147.96963500976562)
(-184.34169006347656, -166.95352172851562, -172.3876190185547)
(-181.9662628173828, -172.93690490722656, -167.42031860351562)
(-181.9662628173828, -165.13302612304688, -165.93460083007812)
(-181.9662628173828, -175.0276641845703, -165.09457397460938)
(-181.9662628173828, -167.92559814453125, -163.14114379882812)
(-181.9662628173828, -173.1753387451172, -157.41217041015625)
(-185.19052124023438, -164.04273986816406, -174.95028686523438)
(-188.46530151367188, -163.34071350097656, -175.34133911132812)
(-196.4061737060547, -161.16278076171875, -175.44921875)
(-184.35398864746094, -163.74436950683594, -171.68511962890625)
(-186.42832946777344, -160.16436767578125, -173.0159454345703)
(-239.62355041503906, -163.12266540527344, -175.44921875)
(-238.38357543945312, -154.59524536132812, -156.87167358398438)
(-234.40773010253906, -158.1804656982422, -175.44921875)
(-232.53427124023438, -155.05247497558594, -172.02012634277344)
(-229.57447814941406, -157.60951232910156, -175.37489318847656)
(-226.24778747558594, -154.88597106933594, -170.9662628173828)
(-233.95188903808594, -154.96946716308594, -163.35623168945312)
(-230.72894287109375, -155.10475158691406, -168.5670166015625)
(-236.45213317871094, -204.006103515625, -127.15625762939453)
(-238.27955627441406, -199.20741271972656, -126.53398132324219)
(-231.58106994628906, -192.1789093017578, -125.44921112060547)
(-235.1717987060547, -203.1826171875, -127.11664581298828)
(-232.4796905517578, -203.53253173828125, -126.9014663696289)
(-230.69851684570312, -192.20523071289062, -125.44921112060547)
(-230.3850555419922, -192.46707153320312, -125.44921112060547)
(-221.29969787597656, -201.3336944580078, -125.50907897949219)
(-215.21853637695312, -196.91439819335938, -125.44921112060547)
(-214.20970153808594, -202.0420379638672, -126.7330551147461)
(-230.68638610839844, -192.0672149658203, -125.44921112060547)
(-230.7865753173828, -192.0530242919922, -125.44921112060547)
(-230.4875030517578, -192.10507202148438, -125.44921112060547)
(-232.05653381347656, -188.9351806640625, -125.44921112060547)
(-228.8037872314453, -189.17123413085938, -125.44921112060547)
(-230.63961791992188, -191.95794677734375, -125.44921112060547)
(-221.03518676757812, -194.4231719970703, -125.52928924560547)
(-220.4866943359375, -189.7477264404297, -125.44921112060547)
(-220.8267822265625, -177.1902313232422, -125.44921112060547)
(-238.4594268798828, -154.59524536132812, -150.3887481689453)
(-239.68077087402344, -154.59524536132812, -140.94447326660156)
(-225.74424743652344, -154.59524536132812, -163.58543395996094)
(-230.73915100097656, -154.59524536132812, -157.15643310546875)
(-224.9180908203125, -154.59524536132812, -158.5667266845703)
(-218.0266571044922, -154.59524536132812, -164.25648498535156)
(-220.6947784423828, -154.59524536132812, -153.1990509033203)
(-226.82334899902344, -154.59524536132812, -157.04251098632812)
(-228.1586456298828, -154.59524536132812, -158.9040985107422)
(-197.5492401123047, -154.59524536132812, -167.61134338378906)
(-218.0110626220703, -154.59524536132812, -151.4973602294922)
(-235.54661560058594, -179.88360595703125, -125.44921112060547)
(-221.32211303710938, -176.8208465576172, -125.44921112060547)
(-228.60565185546875, -172.1016082763672, -125.44921112060547)
(-214.04779052734375, -192.6697235107422, -125.44921112060547)
