Points
(-250.0, -183.269775390625, -170.0358428955078)
(-250.0, -195.4551239013672, -155.8759002685547)
(-239.12997436523438, -188.75100708007812, -163.9300537109375)
(-211.3056640625, -191.35194396972656, -160.88638305664062)
(-204.31483459472656, -182.78448486328125, -170.55740356445312)
(-194.90940856933594, -189.4826202392578, -163.08383178710938)
(-250.0, -177.8563995361328, -175.44921875)
(-236.1328125, -178.05384826660156, -175.44921875)
(-250.0, -170.6660614013672, -174.01077270507812)
(-250.0, -160.91616821289062, -174.07078552246094)
(-245.3260955810547, -171.1016387939453, -175.44921875)
(-250.0, -204.568603515625, -143.52716064453125)
(-250.0, -203.53094482421875, -141.095703125)
(-250.0, -202.7327117919922, -135.10072326660156)
(-248.92886352539062, -204.5079803466797, -141.70655822753906)
(-248.3193817138672, -204.59524536132812, -139.598876953125)
(-250.0, -201.11566162109375, -127.42057037353516)
(-247.47007751464844, -159.5381622314453, -173.9634246826172)
(-240.6884002685547, -170.16465759277344, -175.44921875)
(-247.7406463623047, -201.5498809814453, -129.56517028808594)
(-241.60826110839844, -204.59524536132812, -134.19442749023438)
(-236.5891876220703, -204.59524536132812, -129.26470947265625)
(-235.87615966796875, -204.5757293701172, -128.01473999023438)
(-217.01815795898438, -204.59524536132812, -143.64402770996094)
(-234.4022979736328, -204.59524536132812, -129.49118041992188)
(-225.279541015625, -204.59524536132812, -134.51473999023438)
(-234.8448028564453, -204.54307556152344, -127.91195678710938)
(-205.25624084472656, -177.90097045898438, -175.44921875)
(-217.0205535888672, -204.59524536132812, -132.20437622070312)
(-208.43099975585938, -204.59524536132812, -131.88352966308594)
(-188.27651977539062, -178.13595581054688, -175.3794708251953)
(-186.03610229492188, -182.11367797851562, -171.15365600585938)
(-187.13916015625, -179.14260864257812, -174.37713623046875)
(-181.9662628173828, -188.25003051757812, -164.5030059814453)
(-198.38107299804688, -204.59524536132812, -143.42520141601562)
(-186.71725463867188, -203.96559143066406, -144.4858856201172)
(-201.8773193359375, -204.59524536132812, -134.84039306640625)
(-195.886474609375, -203.3472442626953, -138.10108947753906)
(-193.36178588867188, -204.59524536132812, -132.5178680419922)
(-204.8507080078125, -204.59524536132812, -130.81265258789062)
(-186.0602569580078, -167.00119018554688, -175.30413818359375)
(-183.08761596679688, -173.46275329589844, -169.2467803955078)
(-181.9662628173828, -186.59994506835938, -163.3307342529297)
(-181.9662628173828, -180.66677856445312, -165.75970458984375)
(-181.9662628173828, -175.54547119140625, -168.44207763671875)
(-181.9662628173828, -195.3482208251953, -156.00979614257812)
(-183.77053833007812, -203.95199584960938, -144.4977569580078)
(-181.97743225097656, -202.9729461669922, -145.94229125976562)
(-190.85252380371094, -204.59524536132812, -129.6383514404297)
(-188.72357177734375, -204.59524536132812, -132.1097412109375)
(-250.0, -155.80361938476562, -173.8259735107422)
(-250.0, -154.59524536132812, -170.01918029785156)
(-245.04771423339844, -157.09678649902344, -174.32708740234375)
(-246.55747985839844, -154.59524536132812, -171.60231018066406)
(-250.0, -198.69482421875, -125.44921112060547)
(-247.97251892089844, -200.30799865722656, -125.61239624023438)
(-245.08779907226562, -195.0978240966797, -125.44921112060547)
(-250.0, -154.59524536132812, -145.16050720214844)
(-250.0, -180.8885498046875, -125.44921112060547)
(-250.0, -154.78790283203125, -140.9459686279297)
(-242.73240661621094, -154.95333862304688, -138.4688720703125)
(-250.0, -158.20559692382812, -125.44921112060547)
(-250.0, -157.5624542236328, -125.82866668701172)
(-248.82516479492188, -157.32064819335938, -125.96072387695312)
(-248.12416076660156, -157.04922485351562, -128.48663330078125)
(-235.48585510253906, -204.0581512451172, -127.32010650634766)
(-214.49981689453125, -160.63722229003906, -175.44921875)
(-220.03390502929688, -160.25213623046875, -175.3796844482422)
(-220.408935546875, -156.65032958984375, -171.1471405029297)
(-212.8134307861328, -155.93812561035156, -169.34779357910156)
(-204.18736267089844, -159.64744567871094, -175.44921875)
(-181.9662628173828, -172.93690490722656, -167.42031860351562)
(-185.19052124023438, -164.04273986816406, -174.95028686523438)
(-188.46530151367188, -163.34071350097656, -175.34133911132812)
(-184.35398864746094, -163.74436950683594, -171.68511962890625)
(-186.42832946777344, -160.16436767578125, -173.0159454345703)
(-239.62355041503906, -163.12266540527344, -175.44921875)
(-234.40773010253906, -158.1804656982422, -175.44921875)
(-232.53427124023438, -155.05247497558594, -172.02012634277344)
(-229.57447814941406, -157.60951232910156, -175.37489318847656)
(-226.24778747558594, -154.88597106933594, -170.9662628173828)
(-230.72894287109375, -155.10475158691406, -168.5670166015625)
(-236.45213317871094, -204.006103515625, -127.15625762939453)
(-231.58106994628906, -192.1789093017578, -125.44921112060547)
(-232.4796905517578, -203.53253173828125, -126.9014663696289)
(-230.69851684570312, -192.20523071289062, -125.44921112060547)
(-221.29969787597656, -201.3336944580078, -125.50907897949219)
(-215.21853637695312, -196.91439819335938, -125.44921112060547)
(-214.20970153808594, -202.0420379638672, -126.7330551147461)
(-230.4875030517578, -192.10507202148438, -125.44921112060547)
(-239.68077087402344, -154.59524536132812, -140.94447326660156)
(-225.74424743652344, -154.59524536132812, -163.58543395996094)
(-218.0266571044922, -154.59524536132812, -164.25648498535156)
(-197.5492401123047, -154.59524536132812, -167.61134338378906)
(-239.32725524902344, -155.9619598388672, -136.8065948486328)
(-210.10092163085938, -197.1088104248047, -125.46765899658203)
(-208.00057983398438, -192.5834197998047, -125.44921112060547)
(-207.0823974609375, -202.6496124267578, -126.84346771240234)
(-202.14743041992188, -203.53408813476562, -127.56127166748047)
(-204.8839569091797, -195.70559692382812, -126.56717681884766)
(-210.94898986816406, -154.59524536132812, -167.0194854736328)
(-206.97291564941406, -154.59524536132812, -167.2937774658203)
(-234.01092529296875, -162.97669982910156, -125.67037963867188)
(-191.55181884765625, -200.22459411621094, -127.30216979980469)
(-191.00672912597656, -190.62071228027344, -125.63587188720703)
(-192.62083435058594, -203.90989685058594, -127.5670394897461)
(-187.10855102539062, -203.2810516357422, -126.7083740234375)
(-233.08973693847656, -154.69467163085938, -127.67697143554688)
(-235.3326416015625, -154.59524536132812, -134.94613647460938)
(-229.29660034179688, -155.96043395996094, -126.36521911621094)
(-224.8946075439453, -154.59524536132812, -132.91957092285156)
(-223.85745239257812, -156.97894287109375, -125.62606811523438)
(-200.6865692138672, -160.00836181640625, -175.44921875)
(-186.2218780517578, -199.30052185058594, -127.29537963867188)
(-183.2251739501953, -191.9481964111328, -126.09477233886719)
(-181.9662628173828, -195.8470001220703, -136.15017700195312)
(-184.01275634765625, -198.4154052734375, -133.49832153320312)
(-181.9662628173828, -194.50711059570312, -134.4176025390625)
(-199.99923706054688, -158.6166534423828, -173.867431640625)
(-181.9662628173828, -157.77603149414062, -152.88455200195312)
(-181.9662628173828, -166.4200439453125, -137.9180145263672)
(-185.81544494628906, -166.056884765625, -133.24183654785156)
(-182.14541625976562, -164.67324829101562, -135.0431365966797)
(-181.9662628173828, -159.3180389404297, -137.2723388671875)
(-187.3842010498047, -160.98683166503906, -140.55995178222656)
(-181.9662628173828, -157.69422912597656, -153.7705535888672)
(-181.9662628173828, -157.73851013183594, -153.436767578125)
(-182.4436492919922, -157.42291259765625, -153.521240234375)
(-181.97885131835938, -157.54595947265625, -153.3549346923828)
(-181.9662628173828, -162.0383758544922, -165.22706604003906)
(-218.51852416992188, -159.545166015625, -125.44921112060547)
(-210.27239990234375, -162.0153350830078, -125.44921112060547)
(-203.88575744628906, -191.36378479003906, -125.44921112060547)
(-198.4960174560547, -191.06643676757812, -125.57010650634766)
(-184.2598419189453, -158.78628540039062, -167.295654296875)
(-188.95999145507812, -154.59524536132812, -168.70790100097656)
(-181.9662628173828, -184.51878356933594, -134.58175659179688)
(-181.9662628173828, -180.95108032226562, -134.72715759277344)
(-186.1354217529297, -160.0489959716797, -163.818359375)
(-194.88839721679688, -154.59524536132812, -163.21151733398438)
(-181.9662628173828, -174.593017578125, -129.22190856933594)
(-193.3346405029297, -154.59524536132812, -156.5337677001953)
(-193.7423858642578, -154.59524536132812, -153.613037109375)
(-195.40621948242188, -180.54156494140625, -125.44921112060547)
(-187.60011291503906, -186.18927001953125, -125.59664154052734)
(-186.760498046875, -177.6752166748047, -127.27250671386719)
(-218.20492553710938, -154.59524536132812, -139.75685119628906)
(-210.22271728515625, -154.59524536132812, -135.97869873046875)
(-195.64486694335938, -175.14137268066406, -125.44921112060547)
(-205.41123962402344, -170.25831604003906, -126.00360870361328)
(-208.34071350097656, -161.4375762939453, -125.65399932861328)
(-219.36813354492188, -157.16966247558594, -129.5460662841797)
(-213.44732666015625, -156.7305450439453, -128.5791778564453)
(-194.97349548339844, -154.59524536132812, -146.17254638671875)
(-205.1094207763672, -160.8797149658203, -125.44921112060547)
(-208.4137725830078, -159.7250518798828, -127.50544738769531)
(-181.9662628173828, -171.18788146972656, -133.91912841796875)
(-194.1378631591797, -157.44796752929688, -128.54776000976562)
(-190.45242309570312, -158.94203186035156, -125.44921112060547)
(-196.22474670410156, -158.6066131591797, -125.71347045898438)
(-187.85107421875, -170.2221221923828, -127.11429595947266)
(-192.11941528320312, -164.71917724609375, -125.44921112060547)
(-184.4031982421875, -156.8367156982422, -134.0707550048828)
(-198.458251953125, -157.37240600585938, -129.13560485839844)
(-195.2410430908203, -156.80345153808594, -135.76478576660156)
(-205.7516632080078, -154.59524536132812, -133.98086547851562)
(-200.8945770263672, -154.59524536132812, -139.79165649414062)
Indices
[0, 6, 7]
[0, 2, 1]
[0, 1, 8]
[0, 7, 2]
[0, 8, 6]
[1, 2, 23]
[1, 11, 12]
[1, 23, 11]
[7, 27, 2]
[2, 27, 3]
[27, 4, 3]
[3, 4, 5]
[3, 5, 34]
[3, 34, 2]
[4, 27, 5]
[2, 34, 23]
[27, 32, 31]
[27, 30, 32]
[27, 31, 5]
[5, 45, 34]
[5, 33, 45]
[5, 31, 33]
[34, 45, 47]
[47, 46, 35]
[47, 35, 34]
[8, 59, 51]
[8, 1, 59]
[51, 50, 9]
[51, 9, 8]
[1, 12, 59]
[12, 16, 59]
[16, 12, 13]
[59, 57, 51]
[16, 61, 59]
[16, 54, 58]
[16, 58, 61]
[61, 62, 59]
[6, 10, 7]
[6, 8, 10]
[8, 9, 10]
[9, 50, 17]
[9, 17, 10]
[10, 18, 7]
[10, 17, 18]
[11, 14, 12]
[11, 23, 14]
[23, 15, 14]
[12, 14, 15]
[12, 15, 13]
[13, 19, 16]
[13, 15, 19]
[15, 20, 19]
[15, 23, 20]
[16, 55, 54]
[16, 19, 55]
[7, 18, 77]
[17, 52, 18]
[17, 50, 52]
[18, 52, 76]
[18, 76, 77]
[77, 79, 7]
[7, 79, 67]
[7, 67, 27]
[23, 21, 20]
[23, 24, 21]
[23, 25, 24]
[19, 21, 55]
[19, 20, 21]
[21, 22, 82]
[21, 82, 55]
[21, 24, 22]
[22, 24, 26]
[22, 65, 82]
[22, 26, 65]
[67, 66, 27]
[24, 25, 84]
[24, 84, 26]
[25, 23, 28]
[25, 28, 86]
[25, 86, 84]
[26, 84, 65]
[66, 70, 27]
[73, 27, 112]
[27, 70, 112]
[23, 34, 36]
[23, 36, 29]
[23, 29, 28]
[28, 29, 86]
[29, 39, 97]
[29, 36, 39]
[29, 97, 88]
[29, 88, 86]
[27, 73, 30]
[73, 72, 40]
[73, 40, 30]
[30, 40, 41]
[30, 41, 32]
[31, 32, 43]
[31, 43, 42]
[31, 42, 33]
[32, 44, 43]
[32, 41, 44]
[34, 35, 37]
[34, 37, 36]
[35, 38, 37]
[35, 46, 38]
[36, 37, 38]
[36, 38, 98]
[36, 98, 39]
[38, 49, 48]
[38, 46, 49]
[38, 105, 98]
[38, 48, 105]
[39, 98, 97]
[40, 72, 74]
[40, 74, 41]
[41, 71, 44]
[41, 74, 71]
[33, 42, 45]
[42, 43, 45]
[43, 44, 71]
[46, 47, 115]
[46, 115, 49]
[115, 47, 45]
[115, 116, 49]
[48, 49, 106]
[48, 106, 105]
[49, 116, 106]
[50, 51, 53]
[50, 53, 52]
[52, 53, 77]
[52, 77, 76]
[53, 51, 78]
[53, 78, 77]
[51, 81, 78]
[54, 55, 56]
[54, 56, 58]
[55, 82, 56]
[51, 57, 81]
[81, 57, 146]
[58, 56, 130]
[58, 130, 102]
[58, 102, 61]
[59, 60, 57]
[60, 59, 64]
[60, 94, 90]
[60, 64, 94]
[60, 90, 57]
[57, 90, 146]
[59, 62, 63]
[59, 63, 64]
[61, 63, 62]
[61, 102, 63]
[63, 102, 107]
[63, 107, 64]
[64, 108, 94]
[64, 107, 108]
[56, 82, 83]
[56, 83, 130]
[66, 68, 69]
[66, 69, 70]
[66, 67, 68]
[67, 79, 68]
[68, 91, 69]
[68, 79, 80]
[68, 80, 91]
[69, 92, 100]
[69, 91, 92]
[69, 100, 70]
[70, 100, 112]
[43, 71, 45]
[74, 129, 71]
[71, 129, 45]
[45, 129, 126]
[72, 75, 74]
[72, 73, 75]
[73, 112, 75]
[112, 118, 75]
[74, 75, 129]
[75, 134, 129]
[75, 118, 135]
[75, 135, 134]
[77, 78, 79]
[78, 81, 80]
[78, 80, 79]
[80, 81, 91]
[81, 146, 91]
[82, 65, 83]
[83, 65, 85]
[83, 85, 130]
[65, 84, 85]
[84, 89, 85]
[84, 86, 89]
[86, 87, 89]
[86, 88, 87]
[87, 88, 95]
[87, 95, 96]
[88, 97, 95]
[89, 130, 85]
[89, 87, 130]
[90, 108, 146]
[90, 94, 108]
[91, 146, 92]
[93, 101, 139]
[93, 139, 135]
[93, 118, 101]
[93, 135, 118]
[87, 96, 130]
[95, 97, 96]
[96, 97, 99]
[96, 132, 130]
[96, 99, 132]
[97, 98, 99]
[146, 108, 110]
[98, 105, 99]
[99, 103, 132]
[99, 105, 103]
[92, 146, 101]
[92, 101, 100]
[100, 101, 112]
[101, 118, 112]
[101, 142, 141]
[101, 141, 139]
[101, 146, 153]
[101, 153, 142]
[130, 111, 102]
[130, 149, 131]
[102, 109, 107]
[103, 113, 104]
[103, 106, 113]
[103, 105, 106]
[133, 104, 143]
[104, 133, 103]
[104, 144, 143]
[104, 114, 144]
[104, 113, 114]
[106, 116, 113]
[107, 109, 110]
[107, 110, 108]
[102, 111, 109]
[109, 111, 110]
[110, 111, 146]
[111, 151, 146]
[111, 130, 151]
[113, 116, 114]
[114, 136, 144]
[114, 117, 136]
[114, 116, 117]
[115, 136, 117]
[115, 117, 116]
[115, 45, 136]
[133, 143, 148]
[119, 124, 123]
[119, 128, 124]
[119, 123, 120]
[119, 126, 128]
[119, 120, 126]
[120, 45, 126]
[120, 121, 156]
[120, 122, 121]
[120, 156, 45]
[120, 123, 122]
[121, 161, 160]
[121, 160, 156]
[121, 122, 123]
[121, 123, 161]
[123, 124, 162]
[123, 162, 161]
[124, 128, 153]
[124, 153, 164]
[124, 164, 162]
[125, 138, 127]
[125, 134, 138]
[125, 127, 126]
[125, 129, 134]
[125, 126, 129]
[126, 127, 128]
[127, 141, 142]
[127, 138, 141]
[127, 142, 128]
[128, 142, 153]
[45, 156, 137]
[136, 45, 137]
[130, 131, 152]
[130, 152, 151]
[149, 130, 133]
[131, 149, 150]
[131, 150, 155]
[131, 155, 152]
[132, 133, 130]
[132, 103, 133]
[134, 135, 138]
[135, 139, 138]
[136, 137, 144]
[137, 145, 144]
[137, 156, 140]
[137, 140, 145]
[138, 139, 141]
[140, 156, 160]
[140, 160, 145]
[143, 144, 145]
[143, 145, 148]
[145, 160, 148]
[146, 151, 147]
[147, 152, 165]
[147, 151, 152]
[133, 148, 154]
[133, 154, 149]
[148, 161, 154]
[148, 160, 161]
[146, 147, 153]
[153, 147, 166]
[147, 165, 166]
[149, 154, 150]
[150, 154, 155]
[152, 155, 165]
[153, 166, 164]
[154, 161, 159]
[154, 159, 163]
[154, 163, 155]
[155, 163, 165]
[157, 164, 163]
[157, 163, 159]
[157, 162, 164]
[157, 159, 158]
[157, 158, 162]
[158, 159, 161]
[158, 161, 162]
[163, 164, 165]
[164, 166, 165]
