Points
(-250.0, -183.269775390625, -170.0358428955078)
(-250.0, -195.4551239013672, -155.8759002685547)
(-234.54127502441406, -178.9740753173828, -174.55165100097656)
(-239.12997436523438, -188.75100708007812, -163.9300537109375)
(-238.55491638183594, -204.0841827392578, -144.39405822753906)
(-234.09091186523438, -196.22265625, -154.90858459472656)
(-227.0176544189453, -189.04087829589844, -163.59567260742188)
(-219.06997680664062, -180.31996154785156, -173.1609344482422)
(-225.56272888183594, -202.1758575439453, -147.0541534423828)
(-222.7460479736328, -196.257080078125, -154.86497497558594)
(-211.3056640625, -191.35194396972656, -160.88638305664062)
(-204.31483459472656, -182.78448486328125, -170.55740356445312)
(-214.55809020996094, -199.07470703125, -151.2258758544922)
(-189.62249755859375, -178.90501403808594, -174.6224365234375)
(-194.90940856933594, -189.4826202392578, -163.08383178710938)
(-199.66741943359375, -199.48428344726562, -150.68516540527344)
(-185.10032653808594, -195.30474853515625, -156.06427001953125)
(-183.94793701171875, -202.6053924560547, -146.46177673339844)
(-250.0, -171.39068603515625, -163.3649444580078)
(-250.0, -157.51333618164062, -170.63836669921875)
(-250.0, -183.2841796875, -156.00784301757812)
(-250.0, -189.68450927734375, -142.35418701171875)
(-250.0, -197.92112731933594, -127.92333221435547)
(-250.0, -158.1540985107422, -154.0457000732422)
(-250.0, -174.36683654785156, -147.01499938964844)
(-250.0, -178.7930450439453, -127.30615234375)
(-250.0, -164.89454650878906, -139.01116943359375)
(-250.0, -158.3975372314453, -126.23153686523438)
(-227.0537872314453, -173.1212615966797, -164.01661682128906)
(-241.14230346679688, -189.54258728027344, -148.15280151367188)
(-237.96804809570312, -177.5191650390625, -156.08624267578125)
(-240.5231475830078, -174.5117950439453, -142.47665405273438)
(-229.7959747314453, -179.96731567382812, -144.94212341308594)
(-229.03663635253906, -187.43112182617188, -151.78712463378906)
(-241.39242553710938, -196.46966552734375, -134.56661987304688)
(-236.2001190185547, -186.38821411132812, -135.46299743652344)
(-232.63157653808594, -194.76913452148438, -139.6372528076172)
(-216.74661254882812, -163.6515350341797, -171.11077880859375)
(-190.43653869628906, -181.8614959716797, -158.46261596679688)
(-193.37353515625, -188.17965698242188, -149.89599609375)
(-198.29681396484375, -172.9717254638672, -152.55667114257812)
(-204.243896484375, -180.62240600585938, -156.50108337402344)
(-188.63926696777344, -165.6166534423828, -173.47076416015625)
(-241.9788818359375, -171.8649139404297, -169.8485107421875)
(-239.59288024902344, -165.6123046875, -160.4774627685547)
(-230.5492706298828, -160.0824432373047, -170.66787719726562)
(-235.67941284179688, -203.45188903808594, -128.4533233642578)
(-230.69720458984375, -192.0852508544922, -125.58592987060547)
(-221.70286560058594, -196.20037841796875, -134.027587890625)
(-220.42408752441406, -183.20480346679688, -138.337646484375)
(-221.12310791015625, -193.21365356445312, -144.02374267578125)
(-230.24362182617188, -169.93031311035156, -152.10354614257812)
(-239.1620330810547, -160.2693328857422, -145.42779541015625)
(-227.56417846679688, -157.0242156982422, -158.07962036132812)
(-219.33326721191406, -183.7383270263672, -154.36581420898438)
(-219.2041473388672, -166.734130859375, -154.87669372558594)
(-228.34786987304688, -175.33143615722656, -133.90733337402344)
(-212.35125732421875, -174.1676025390625, -163.14096069335938)
(-237.7731475830078, -167.10621643066406, -133.39280700683594)
(-211.47210693359375, -192.5194549560547, -128.0364227294922)
(-215.3194580078125, -173.21499633789062, -147.86512756347656)
(-228.10289001464844, -165.40707397460938, -141.8987274169922)
(-228.48977661132812, -155.03350830078125, -146.52249145507812)
(-206.51425170898438, -200.0585174560547, -132.7027130126953)
(-209.38766479492188, -191.11856079101562, -144.75177001953125)
(-229.03298950195312, -159.1824951171875, -130.45872497558594)
(-198.94761657714844, -172.41171264648438, -165.44082641601562)
(-209.48916625976562, -163.01046752929688, -159.08889770507812)
(-202.03648376464844, -189.394775390625, -155.1817169189453)
(-202.85960388183594, -180.0956268310547, -142.3332061767578)
(-184.91685485839844, -165.17431640625, -138.75732421875)
(-193.766845703125, -194.2782745361328, -139.860107421875)
(-214.481689453125, -169.96775817871094, -133.74339294433594)
(-190.3950958251953, -177.17564392089844, -142.5646514892578)
(-204.1868438720703, -188.6074676513672, -132.18533325195312)
(-191.36404418945312, -202.25682067871094, -130.2192840576172)
(-184.31924438476562, -173.81178283691406, -166.67486572265625)
(-185.0719757080078, -163.13186645507812, -164.349853515625)
(-196.81600952148438, -158.69610595703125, -164.08067321777344)
(-187.2082061767578, -169.0628204345703, -155.11056518554688)
(-211.7221221923828, -180.08566284179688, -126.49066925048828)
(-193.69244384765625, -155.8473358154297, -155.8074951171875)
(-199.88076782226562, -178.99842834472656, -127.4238510131836)
(-190.24293518066406, -188.55747985839844, -130.74908447265625)
(-208.2888946533203, -160.95230102539062, -146.1739044189453)
(-200.8110809326172, -168.35218811035156, -138.4222869873047)
(-196.7339630126953, -162.56109619140625, -147.5733642578125)
(-218.0879364013672, -160.16824340820312, -142.02537536621094)
(-188.01002502441406, -172.5057830810547, -132.392822265625)
(-196.18655395507812, -161.80149841308594, -128.85397338867188)
(-206.19284057617188, -158.18536376953125, -135.5683135986328)
(-250.0, -177.8563995361328, -175.44921875)
(-236.1328125, -178.05384826660156, -175.44921875)
(-250.0, -170.6660614013672, -174.01077270507812)
(-250.0, -160.91616821289062, -174.07078552246094)
(-245.3260955810547, -171.1016387939453, -175.44921875)
(-250.0, -204.568603515625, -143.52716064453125)
(-240.91110229492188, -204.59524536132812, -143.65823364257812)
(-250.0, -203.53094482421875, -141.095703125)
(-250.0, -202.7327117919922, -135.10072326660156)
(-248.92886352539062, -204.5079803466797, -141.70655822753906)
(-248.3193817138672, -204.59524536132812, -139.598876953125)
(-250.0, -201.11566162109375, -127.42057037353516)
(-234.82818603515625, -178.03823852539062, -175.44921875)
(-247.47007751464844, -159.5381622314453, -173.9634246826172)
(-240.6884002685547, -170.16465759277344, -175.44921875)
(-232.92971801757812, -162.20379638671875, -175.44921875)
(-233.42111206054688, -178.0535430908203, -175.44921875)
(-238.7892608642578, -204.59524536132812, -143.63156127929688)
(-237.69908142089844, -204.59524536132812, -143.6352996826172)
(-247.7406463623047, -201.5498809814453, -129.56517028808594)
(-241.60826110839844, -204.59524536132812, -134.19442749023438)
(-236.5891876220703, -204.59524536132812, -129.26470947265625)
(-235.87615966796875, -204.5757293701172, -128.01473999023438)
(-220.0871124267578, -177.9912109375, -175.44921875)
(-225.00254821777344, -171.25775146484375, -175.44921875)
(-219.17649841308594, -165.89663696289062, -175.44921875)
(-227.92050170898438, -163.81817626953125, -175.44921875)
(-216.0159149169922, -178.0025634765625, -175.44921875)
(-226.2119598388672, -204.59524536132812, -143.51248168945312)
(-217.01815795898438, -204.59524536132812, -143.64402770996094)
(-229.61404418945312, -204.59524536132812, -136.6532440185547)
(-234.4022979736328, -204.59524536132812, -129.49118041992188)
(-225.279541015625, -204.59524536132812, -134.51473999023438)
(-234.8448028564453, -204.54307556152344, -127.91195678710938)
(-205.25624084472656, -177.90097045898438, -175.44921875)
(-191.40673828125, -178.0608673095703, -175.44921875)
(-212.8844757080078, -166.40130615234375, -175.44921875)
(-192.57957458496094, -166.76773071289062, -175.44921875)
(-208.70147705078125, -172.06861877441406, -175.44921875)
(-203.4456024169922, -171.50523376464844, -175.44921875)
(-213.668701171875, -204.59524536132812, -143.61361694335938)
(-211.25552368164062, -204.59524536132812, -143.61752319335938)
(-214.37591552734375, -204.59524536132812, -141.373779296875)
(-214.1200408935547, -204.59524536132812, -142.38632202148438)
(-212.25184631347656, -204.59524536132812, -140.52906799316406)
(-213.22560119628906, -204.59524536132812, -142.41561889648438)
(-217.0205535888672, -204.59524536132812, -132.20437622070312)
(-208.43099975585938, -204.59524536132812, -131.88352966308594)
(-189.6868133544922, -178.04185485839844, -175.44921875)
(-188.93145751953125, -165.79360961914062, -175.44921875)
(-188.27651977539062, -178.13595581054688, -175.3794708251953)
(-186.03610229492188, -182.11367797851562, -171.15365600585938)
(-187.13916015625, -179.14260864257812, -174.37713623046875)
(-181.9662628173828, -188.25003051757812, -164.5030059814453)
(-198.38107299804688, -204.59524536132812, -143.42520141601562)
(-186.71725463867188, -203.96559143066406, -144.4858856201172)
(-201.8773193359375, -204.59524536132812, -134.84039306640625)
(-195.886474609375, -203.3472442626953, -138.10108947753906)
(-193.36178588867188, -204.59524536132812, -132.5178680419922)
(-204.8507080078125, -204.59524536132812, -130.81265258789062)
(-186.0602569580078, -167.00119018554688, -175.30413818359375)
(-183.08761596679688, -173.46275329589844, -169.2467803955078)
(-181.9662628173828, -191.26165771484375, -160.89459228515625)
(-181.9662628173828, -186.59994506835938, -163.3307342529297)
(-181.9662628173828, -180.66677856445312, -165.75970458984375)
(-181.9662628173828, -175.54547119140625, -168.44207763671875)
(-181.9662628173828, -195.3482208251953, -156.00979614257812)
(-181.9662628173828, -190.90975952148438, -150.82998657226562)
(-183.77053833007812, -203.95199584960938, -144.4977569580078)
(-181.97743225097656, -202.9729461669922, -145.94229125976562)
(-181.9662628173828, -201.5631561279297, -147.83447265625)
(-181.9662628173828, -199.60894775390625, -141.3408203125)
(-181.9662628173828, -201.0938720703125, -146.35523986816406)
(-181.9662628173828, -195.280517578125, -147.06646728515625)
(-190.85252380371094, -204.59524536132812, -129.6383514404297)
(-188.72357177734375, -204.59524536132812, -132.1097412109375)
(-250.0, -155.80361938476562, -173.8259735107422)
(-250.0, -154.59524536132812, -170.01918029785156)
(-245.04771423339844, -157.09678649902344, -174.32708740234375)
(-246.55747985839844, -154.59524536132812, -171.60231018066406)
(-245.71458435058594, -154.59524536132812, -165.1862335205078)
(-250.0, -198.69482421875, -125.44921112060547)
(-250.0, -196.29737854003906, -125.44921112060547)
(-247.97251892089844, -200.30799865722656, -125.61239624023438)
(-245.08779907226562, -195.0978240966797, -125.44921112060547)
(-250.0, -154.59524536132812, -157.1431884765625)
(-250.0, -154.59524536132812, -153.08213806152344)
(-250.0, -154.59524536132812, -145.16050720214844)
(-245.14759826660156, -154.59524536132812, -154.46707153320312)
(-250.0, -180.8885498046875, -125.44921112060547)
(-250.0, -179.05796813964844, -125.44921112060547)
(-250.0, -177.38314819335938, -125.44921112060547)
(-248.17559814453125, -178.7637176513672, -125.44921112060547)
(-245.65463256835938, -186.57534790039062, -125.44921112060547)
(-238.29342651367188, -179.86798095703125, -125.44921112060547)
(-247.1711883544922, -175.6604461669922, -125.44921112060547)
(-250.0, -154.78790283203125, -140.9459686279297)
(-242.73240661621094, -154.95333862304688, -138.4688720703125)
(-250.0, -156.60403442382812, -131.27037048339844)
(-247.6697235107422, -154.59524536132812, -142.17210388183594)
(-250.0, -158.90655517578125, -125.44921112060547)
(-250.0, -157.4102325439453, -126.76695251464844)
(-250.0, -158.20559692382812, -125.44921112060547)
(-250.0, -157.5624542236328, -125.82866668701172)
(-248.5884552001953, -159.57249450683594, -125.44921112060547)
(-248.82516479492188, -157.32064819335938, -125.96072387695312)
(-248.12416076660156, -157.04922485351562, -128.48663330078125)
(-235.99163818359375, -179.94827270507812, -125.5083236694336)
(-241.82858276367188, -193.7991943359375, -125.61224365234375)
(-241.1278533935547, -192.3261260986328, -125.44921112060547)
(-235.88540649414062, -180.32273864746094, -125.44921112060547)
(-235.48585510253906, -204.0581512451172, -127.32010650634766)
(-214.49981689453125, -160.63722229003906, -175.44921875)
(-220.03390502929688, -160.25213623046875, -175.3796844482422)
(-220.408935546875, -156.65032958984375, -171.1471405029297)
(-212.8134307861328, -155.93812561035156, -169.34779357910156)
(-204.18736267089844, -159.64744567871094, -175.44921875)
(-181.9662628173828, -180.067138671875, -159.55616760253906)
(-181.9662628173828, -178.0679931640625, -153.20877075195312)
(-181.9662628173828, -187.06695556640625, -149.6338348388672)
(-181.9662628173828, -188.22955322265625, -147.96963500976562)
(-184.34169006347656, -166.95352172851562, -172.3876190185547)
(-181.9662628173828, -172.93690490722656, -167.42031860351562)
(-181.9662628173828, -165.13302612304688, -165.93460083007812)
(-181.9662628173828, -175.0276641845703, -165.09457397460938)
(-181.9662628173828, -167.92559814453125, -163.14114379882812)
(-181.9662628173828, -173.1753387451172, -157.41217041015625)
(-185.19052124023438, -164.04273986816406, -174.95028686523438)
(-188.46530151367188, -163.34071350097656, -175.34133911132812)
(-196.4061737060547, -161.16278076171875, -175.44921875)
(-184.35398864746094, -163.74436950683594, -171.68511962890625)
(-186.42832946777344, -160.16436767578125, -173.0159454345703)
(-239.62355041503906, -163.12266540527344, -175.44921875)
(-238.38357543945312, -154.59524536132812, -156.87167358398438)
(-234.40773010253906, -158.1804656982422, -175.44921875)
(-232.53427124023438, -155.05247497558594, -172.02012634277344)
(-229.57447814941406, -157.60951232910156, -175.37489318847656)
(-226.24778747558594, -154.88597106933594, -170.9662628173828)
(-233.95188903808594, -154.96946716308594, -163.35623168945312)
(-230.72894287109375, -155.10475158691406, -168.5670166015625)
(-236.45213317871094, -204.006103515625, -127.15625762939453)
(-238.27955627441406, -199.20741271972656, -126.53398132324219)
(-231.58106994628906, -192.1789093017578, -125.44921112060547)
(-235.1717987060547, -203.1826171875, -127.11664581298828)
(-232.4796905517578, -203.53253173828125, -126.9014663696289)
(-230.69851684570312, -192.20523071289062, -125.44921112060547)
(-230.3850555419922, -192.46707153320312, -125.44921112060547)
(-221.29969787597656, -201.3336944580078, -125.50907897949219)
(-215.21853637695312, -196.91439819335938, -125.44921112060547)
(-214.20970153808594, -202.0420379638672, -126.7330551147461)
(-230.68638610839844, -192.0672149658203, -125.44921112060547)
(-230.7865753173828, -192.0530242919922, -125.44921112060547)
(-230.4875030517578, -192.10507202148438, -125.44921112060547)
(-232.05653381347656, -188.9351806640625, -125.44921112060547)
(-228.8037872314453, -189.17123413085938, -125.44921112060547)
(-230.63961791992188, -191.95794677734375, -125.44921112060547)
(-221.03518676757812, -194.4231719970703, -125.52928924560547)
(-220.4866943359375, -189.7477264404297, -125.44921112060547)
(-220.8267822265625, -177.1902313232422, -125.44921112060547)
(-238.4594268798828, -154.59524536132812, -150.3887481689453)
(-239.68077087402344, -154.59524536132812, -140.94447326660156)
(-225.74424743652344, -154.59524536132812, -163.58543395996094)
(-230.73915100097656, -154.59524536132812, -157.15643310546875)
(-224.9180908203125, -154.59524536132812, -158.5667266845703)
(-218.0266571044922, -154.59524536132812, -164.25648498535156)
(-220.6947784423828, -154.59524536132812, -153.1990509033203)
(-226.82334899902344, -154.59524536132812, -157.04251098632812)
(-228.1586456298828, -154.59524536132812, -158.9040985107422)
(-197.5492401123047, -154.59524536132812, -167.61134338378906)
(-218.0110626220703, -154.59524536132812, -151.4973602294922)
(-235.54661560058594, -179.88360595703125, -125.44921112060547)
(-221.32211303710938, -176.8208465576172, -125.44921112060547)
(-228.60565185546875, -172.1016082763672, -125.44921112060547)
(-214.04779052734375, -192.6697235107422, -125.44921112060547)
(-235.96092224121094, -179.49166870117188, -125.44921112060547)
(-229.1885986328125, -154.59524536132812, -147.16734313964844)
(-238.8204803466797, -167.13272094726562, -125.44921112060547)
(-239.32725524902344, -155.9619598388672, -136.8065948486328)
(-232.0658416748047, -169.14920043945312, -125.44921112060547)
(-210.5560302734375, -193.24325561523438, -125.44921112060547)
(-210.10092163085938, -197.1088104248047, -125.46765899658203)
(-219.14120483398438, -179.7569580078125, -125.44921112060547)
(-211.52349853515625, -191.3660125732422, -125.44921112060547)
(-208.00057983398438, -192.5834197998047, -125.44921112060547)
(-207.0823974609375, -202.6496124267578, -126.84346771240234)
(-225.22900390625, -154.59524536132812, -147.9720458984375)
(-228.3064422607422, -154.59524536132812, -146.68235778808594)
(-229.8057403564453, -154.59524536132812, -145.5775909423828)
(-228.61671447753906, -154.59524536132812, -146.15061950683594)
(-227.91192626953125, -154.59524536132812, -145.9684295654297)
(-202.14743041992188, -203.53408813476562, -127.56127166748047)
(-204.8839569091797, -195.70559692382812, -126.56717681884766)
(-213.2299346923828, -154.59524536132812, -159.61679077148438)
(-210.94898986816406, -154.59524536132812, -167.0194854736328)
(-206.97291564941406, -154.59524536132812, -167.2937774658203)
(-205.4370574951172, -154.59524536132812, -157.8883819580078)
(-202.32261657714844, -154.59524536132812, -159.53656005859375)
(-198.31385803222656, -154.59524536132812, -156.5848846435547)
(-205.39276123046875, -154.59524536132812, -155.21646118164062)
(-203.22409057617188, -154.59524536132812, -155.86732482910156)
(-217.03311157226562, -154.59524536132812, -152.04641723632812)
(-216.62522888183594, -154.59524536132812, -150.54733276367188)
(-217.94044494628906, -154.59524536132812, -149.8443603515625)
(-221.75636291503906, -174.94705200195312, -125.49622344970703)
(-220.4324188232422, -176.47140502929688, -125.44921112060547)
(-217.6007843017578, -178.04701232910156, -125.44921112060547)
(-234.01092529296875, -162.97669982910156, -125.67037963867188)
(-191.55181884765625, -200.22459411621094, -127.30216979980469)
(-198.26812744140625, -182.07005310058594, -125.44921112060547)
(-191.00672912597656, -190.62071228027344, -125.63587188720703)
(-192.62083435058594, -203.90989685058594, -127.5670394897461)
(-187.10855102539062, -203.2810516357422, -126.7083740234375)
(-233.08973693847656, -154.69467163085938, -127.67697143554688)
(-235.3326416015625, -154.59524536132812, -134.94613647460938)
(-228.89022827148438, -164.7401123046875, -125.66109466552734)
(-229.37060546875, -159.17709350585938, -125.76215362548828)
(-229.7526092529297, -154.59524536132812, -133.40139770507812)
(-229.29660034179688, -155.96043395996094, -126.36521911621094)
(-228.90357971191406, -154.59524536132812, -130.33827209472656)
(-224.8946075439453, -154.59524536132812, -132.91957092285156)
(-223.85745239257812, -156.97894287109375, -125.62606811523438)
(-200.6865692138672, -160.00836181640625, -175.44921875)
(-186.2218780517578, -199.30052185058594, -127.29537963867188)
(-183.2251739501953, -191.9481964111328, -126.09477233886719)
(-181.9662628173828, -195.8470001220703, -136.15017700195312)
(-184.01275634765625, -198.4154052734375, -133.49832153320312)
(-181.9662628173828, -194.50711059570312, -134.4176025390625)
(-201.91201782226562, -159.12173461914062, -174.50070190429688)
(-199.99923706054688, -158.6166534423828, -173.867431640625)
(-199.70513916015625, -178.86077880859375, -125.44921112060547)
(-211.72341918945312, -180.65997314453125, -125.44921112060547)
(-201.7227325439453, -180.1763153076172, -125.44921112060547)
(-181.9662628173828, -157.77603149414062, -152.88455200195312)
(-181.9662628173828, -164.7801513671875, -139.47802734375)
(-181.9662628173828, -168.2801055908203, -141.9980010986328)
(-181.9662628173828, -166.4200439453125, -137.9180145263672)
(-185.81544494628906, -166.056884765625, -133.24183654785156)
(-182.14541625976562, -164.67324829101562, -135.0431365966797)
(-181.9662628173828, -159.3180389404297, -137.2723388671875)
(-187.3842010498047, -160.98683166503906, -140.55995178222656)
(-181.9662628173828, -157.69422912597656, -153.7705535888672)
(-181.9662628173828, -157.73851013183594, -153.436767578125)
(-182.4436492919922, -157.42291259765625, -153.521240234375)
(-181.97885131835938, -157.54595947265625, -153.3549346923828)
(-181.9662628173828, -176.03175354003906, -146.2840576171875)
(-181.9662628173828, -171.7733612060547, -152.46046447753906)
(-181.9662628173828, -189.0775909423828, -146.5652618408203)
(-181.9662628173828, -185.07176208496094, -136.06642150878906)
(-181.9662628173828, -162.0383758544922, -165.22706604003906)
(-181.9662628173828, -163.3419647216797, -162.66268920898438)
(-181.9662628173828, -167.3597869873047, -155.78512573242188)
(-218.51852416992188, -159.545166015625, -125.44921112060547)
(-210.59921264648438, -170.71798706054688, -125.44921112060547)
(-210.27239990234375, -162.0153350830078, -125.44921112060547)
(-181.9662628173828, -186.19833374023438, -146.71067810058594)
(-181.9662628173828, -182.4183349609375, -136.7610321044922)
(-181.9662628173828, -173.13441467285156, -138.97296142578125)
(-203.88575744628906, -191.36378479003906, -125.44921112060547)
(-196.6173553466797, -198.18527221679688, -126.84901428222656)
(-209.75027465820312, -183.19393920898438, -125.44921112060547)
(-201.36289978027344, -184.2404327392578, -125.44921112060547)
(-198.4960174560547, -191.06643676757812, -125.57010650634766)
(-184.2598419189453, -158.78628540039062, -167.295654296875)
(-188.95999145507812, -154.59524536132812, -168.70790100097656)
(-181.9662628173828, -184.51878356933594, -134.58175659179688)
(-181.9662628173828, -180.95108032226562, -134.72715759277344)
(-186.1354217529297, -160.0489959716797, -163.818359375)
(-194.88839721679688, -154.59524536132812, -163.21151733398438)
(-181.9662628173828, -174.593017578125, -129.22190856933594)
(-211.13986206054688, -178.76882934570312, -125.44921112060547)
(-193.3346405029297, -154.59524536132812, -156.5337677001953)
(-194.1558074951172, -154.59524536132812, -155.6209716796875)
(-193.7423858642578, -154.59524536132812, -153.613037109375)
(-195.40621948242188, -180.54156494140625, -125.44921112060547)
(-187.60011291503906, -186.18927001953125, -125.59664154052734)
(-186.760498046875, -177.6752166748047, -127.27250671386719)
(-218.20492553710938, -154.59524536132812, -139.75685119628906)
(-210.22271728515625, -154.59524536132812, -135.97869873046875)
(-201.8604278564453, -177.06715393066406, -125.44921112060547)
(-195.64486694335938, -175.14137268066406, -125.44921112060547)
(-209.65838623046875, -154.59524536132812, -145.9079132080078)
(-200.04786682128906, -154.59524536132812, -145.69683837890625)
(-215.275634765625, -154.59524536132812, -143.50721740722656)
(-207.81472778320312, -154.59524536132812, -138.72413635253906)
(-205.41123962402344, -170.25831604003906, -126.00360870361328)
(-208.34071350097656, -161.4375762939453, -125.65399932861328)
(-219.36813354492188, -157.16966247558594, -129.5460662841797)
(-213.44732666015625, -156.7305450439453, -128.5791778564453)
(-194.97349548339844, -154.59524536132812, -146.17254638671875)
(-200.42337036132812, -165.2452392578125, -125.44921112060547)
(-205.1094207763672, -160.8797149658203, -125.44921112060547)
(-208.4137725830078, -159.7250518798828, -127.50544738769531)
(-181.9662628173828, -171.18788146972656, -133.91912841796875)
(-194.1378631591797, -157.44796752929688, -128.54776000976562)
(-190.45242309570312, -158.94203186035156, -125.44921112060547)
(-196.22474670410156, -158.6066131591797, -125.71347045898438)
(-187.85107421875, -170.2221221923828, -127.11429595947266)
(-192.11941528320312, -164.71917724609375, -125.44921112060547)
(-184.4031982421875, -156.8367156982422, -134.0707550048828)
(-198.458251953125, -157.37240600585938, -129.13560485839844)
(-195.2410430908203, -156.80345153808594, -135.76478576660156)
(-196.87326049804688, -161.83506774902344, -125.44921112060547)
(-205.7516632080078, -154.59524536132812, -133.98086547851562)
(-200.8945770263672, -154.59524536132812, -139.79165649414062)
Indices
[28, 114, 107, 115]
[7, 107, 28, 114]
[2, 28, 7, 107]
[29, 30, 24, 31]
[30, 32, 29, 33]
[20, 29, 3, 30]
[3, 20, 1, 29]
[21, 34, 29, 35]
[96, 97, 29, 100]
[29, 96, 4, 97]
[4, 29, 1, 96]
[29, 98, 96, 100]
[21, 96, 29, 98]
[1, 29, 21, 96]
[29, 34, 4, 36]
[37, 118, 116, 127]
[114, 116, 37, 118]
[7, 114, 37, 118]
[39, 40, 38, 41]
[42, 139, 128, 140]
[126, 128, 42, 139]
[13, 126, 42, 139]
[25, 182, 181, 183]
[95, 104, 43, 105]
[43, 95, 94, 104]
[43, 94, 19, 104]
[19, 44, 43, 45]
[2, 30, 28, 43]
[43, 44, 28, 45]
[103, 105, 45, 106]
[45, 103, 43, 105]
[43, 45, 2, 103]
[91, 93, 43, 95]
[43, 91, 18, 93]
[18, 43, 0, 91]
[0, 3, 2, 43]
[3, 6, 2, 30]
[175, 231, 46, 232]
[46, 175, 174, 231]
[22, 174, 46, 175]
[113, 124, 46, 202]
[109, 121, 46, 122]
[46, 109, 36, 121]
[36, 46, 4, 109]
[46, 124, 122, 235]
[48, 237, 235, 238]
[47, 235, 48, 237]
[46, 48, 47, 235]
[32, 49, 36, 50]
[8, 33, 5, 36]
[36, 49, 48, 50]
[48, 121, 119, 123]
[36, 119, 48, 121]
[8, 48, 36, 119]
[31, 51, 44, 52]
[18, 43, 19, 44]
[24, 44, 23, 52]
[28, 43, 30, 44]
[28, 45, 44, 53]
[2, 43, 28, 45]
[113, 202, 46, 231]
[30, 43, 18, 44]
[24, 29, 20, 30]
[6, 28, 2, 30]
[28, 33, 6, 54]
[32, 33, 30, 51]
[3, 30, 29, 33]
[28, 53, 51, 55]
[31, 35, 32, 56]
[5, 33, 29, 36]
[34, 184, 175, 199]
[25, 175, 34, 184]
[22, 34, 25, 175]
[46, 199, 175, 232]
[34, 175, 46, 199]
[22, 46, 34, 175]
[45, 223, 169, 225]
[43, 169, 45, 223]
[19, 45, 43, 169]
[45, 225, 170, 226]
[169, 170, 45, 225]
[45, 169, 19, 170]
[19, 169, 167, 170]
[37, 45, 28, 53]
[45, 227, 226, 228]
[45, 115, 107, 117]
[28, 107, 45, 115]
[2, 45, 28, 107]
[110, 111, 46, 112]
[46, 110, 34, 111]
[34, 46, 22, 110]
[31, 44, 24, 52]
[29, 31, 21, 35]
[6, 33, 9, 54]
[9, 33, 8, 50]
[33, 36, 8, 50]
[48, 235, 123, 238]
[122, 123, 48, 235]
[46, 122, 48, 235]
[47, 241, 236, 243]
[180, 184, 25, 185]
[6, 30, 3, 33]
[7, 28, 6, 54]
[114, 115, 37, 116]
[37, 114, 28, 115]
[28, 37, 7, 114]
[52, 224, 179, 250]
[44, 179, 52, 224]
[23, 52, 44, 179]
[205, 228, 53, 252]
[53, 205, 45, 228]
[45, 53, 37, 205]
[37, 55, 28, 57]
[37, 203, 116, 204]
[184, 199, 35, 200]
[35, 184, 34, 199]
[34, 35, 25, 184]
[34, 100, 97, 101]
[29, 97, 34, 100]
[4, 34, 29, 97]
[45, 204, 117, 227]
[116, 117, 45, 204]
[37, 116, 45, 204]
[45, 116, 115, 117]
[37, 115, 45, 116]
[28, 45, 37, 115]
[53, 229, 224, 253]
[45, 224, 53, 229]
[44, 53, 45, 224]
[20, 24, 21, 29]
[25, 31, 26, 58]
[49, 50, 32, 54]
[28, 44, 30, 51]
[31, 52, 26, 58]
[59, 270, 239, 271]
[33, 50, 9, 54]
[28, 54, 7, 57]
[54, 57, 28, 60]
[45, 226, 171, 229]
[170, 171, 45, 226]
[45, 170, 19, 171]
[52, 61, 51, 62]
[59, 247, 239, 264]
[238, 239, 59, 247]
[48, 238, 59, 247]
[45, 117, 106, 227]
[203, 204, 37, 205]
[198, 261, 58, 265]
[58, 198, 56, 261]
[56, 58, 31, 198]
[63, 137, 135, 138]
[133, 135, 63, 137]
[48, 133, 63, 137]
[46, 202, 124, 235]
[46, 112, 109, 122]
[108, 109, 46, 112]
[46, 108, 4, 109]
[10, 54, 12, 64]
[63, 238, 138, 240]
[137, 138, 63, 238]
[48, 137, 63, 238]
[133, 134, 64, 136]
[64, 133, 50, 134]
[50, 64, 48, 133]
[123, 137, 48, 238]
[50, 133, 120, 134]
[48, 120, 50, 133]
[8, 50, 48, 120]
[48, 50, 49, 64]
[5, 29, 4, 36]
[62, 276, 257, 277]
[256, 257, 62, 276]
[62, 256, 53, 257]
[29, 32, 31, 35]
[7, 37, 28, 57]
[118, 127, 57, 129]
[57, 118, 37, 127]
[37, 57, 7, 118]
[49, 245, 248, 249]
[49, 245, 243, 248]
[47, 243, 49, 245]
[4, 8, 5, 36]
[48, 123, 120, 133]
[119, 120, 48, 123]
[48, 119, 8, 120]
[64, 135, 133, 136]
[63, 133, 64, 135]
[48, 64, 63, 133]
[25, 181, 180, 183]
[65, 197, 303, 304]
[65, 197, 196, 303]
[27, 196, 65, 197]
[3, 29, 5, 33]
[35, 47, 36, 49]
[62, 266, 251, 278]
[250, 251, 62, 266]
[62, 250, 52, 251]
[18, 20, 3, 30]
[125, 129, 66, 130]
[66, 125, 57, 129]
[57, 66, 11, 125]
[10, 41, 11, 57]
[24, 31, 30, 44]
[50, 54, 49, 64]
[41, 54, 10, 64]
[41, 66, 57, 67]
[52, 179, 190, 250]
[52, 179, 178, 190]
[23, 178, 52, 179]
[52, 190, 188, 251]
[187, 188, 52, 190]
[52, 187, 26, 188]
[26, 31, 24, 52]
[59, 63, 48, 64]
[113, 122, 46, 124]
[63, 271, 240, 275]
[239, 240, 63, 271]
[59, 239, 63, 271]
[6, 10, 7, 54]
[15, 17, 16, 39]
[167, 168, 19, 170]
[4, 36, 34, 46]
[12, 54, 50, 64]
[41, 64, 10, 68]
[132, 135, 64, 136]
[64, 132, 63, 135]
[63, 64, 15, 132]
[54, 60, 49, 64]
[32, 35, 29, 36]
[28, 30, 6, 33]
[188, 197, 58, 268]
[58, 188, 27, 197]
[27, 58, 26, 188]
[58, 251, 188, 268]
[52, 188, 58, 251]
[26, 58, 52, 188]
[18, 30, 3, 43]
[36, 48, 8, 50]
[58, 267, 265, 269]
[56, 60, 32, 61]
[40, 41, 39, 69]
[58, 195, 186, 267]
[27, 186, 58, 195]
[25, 58, 27, 186]
[65, 268, 197, 304]
[58, 197, 65, 268]
[27, 65, 58, 197]
[323, 324, 70, 325]
[38, 41, 40, 66]
[15, 64, 63, 71]
[71, 147, 145, 148]
[63, 145, 71, 147]
[15, 71, 63, 145]
[102, 110, 22, 174]
[46, 113, 112, 122]
[120, 131, 50, 134]
[50, 120, 12, 131]
[12, 50, 8, 120]
[49, 59, 48, 64]
[22, 173, 172, 175]
[8, 9, 5, 33]
[189, 192, 27, 197]
[34, 101, 108, 111]
[34, 101, 97, 108]
[34, 97, 4, 108]
[34, 99, 98, 101]
[22, 98, 34, 99]
[21, 34, 22, 98]
[22, 172, 102, 174]
[145, 146, 71, 148]
[71, 145, 17, 146]
[17, 71, 15, 145]
[47, 201, 233, 244]
[47, 201, 200, 233]
[35, 200, 47, 201]
[63, 150, 147, 281]
[58, 186, 265, 267]
[58, 186, 185, 265]
[25, 185, 58, 186]
[63, 240, 138, 275]
[21, 31, 25, 35]
[48, 122, 121, 123]
[46, 121, 48, 122]
[36, 48, 46, 121]
[27, 194, 193, 196]
[11, 14, 13, 66]
[66, 129, 127, 130]
[57, 127, 66, 129]
[37, 66, 57, 127]
[49, 60, 56, 72]
[224, 250, 53, 253]
[53, 224, 52, 250]
[52, 53, 44, 224]
[24, 26, 25, 31]
[7, 54, 10, 57]
[37, 127, 116, 203]
[3, 30, 2, 43]
[41, 60, 40, 67]
[64, 134, 131, 136]
[50, 131, 64, 134]
[12, 64, 50, 131]
[44, 52, 51, 53]
[11, 57, 41, 66]
[171, 179, 44, 224]
[44, 171, 23, 179]
[23, 44, 19, 171]
[38, 41, 14, 68]
[14, 39, 38, 68]
[35, 49, 32, 56]
[63, 138, 135, 147]
[67, 312, 207, 318]
[66, 207, 67, 312]
[37, 67, 66, 207]
[60, 61, 56, 72]
[171, 224, 45, 229]
[45, 171, 44, 224]
[44, 45, 19, 171]
[19, 170, 168, 171]
[93, 94, 43, 95]
[43, 93, 19, 94]
[19, 43, 18, 93]
[65, 263, 294, 305]
[65, 263, 262, 294]
[56, 262, 65, 263]
[14, 41, 38, 66]
[10, 54, 41, 57]
[69, 71, 39, 73]
[23, 26, 24, 52]
[63, 71, 64, 74]
[193, 195, 27, 196]
[16, 157, 153, 158]
[275, 281, 63, 282]
[164, 211, 71, 337]
[71, 164, 39, 211]
[39, 71, 17, 164]
[73, 337, 211, 345]
[71, 211, 73, 337]
[39, 73, 71, 211]
[298, 301, 75, 302]
[14, 38, 13, 66]
[39, 69, 64, 71]
[274, 282, 74, 348]
[74, 274, 63, 282]
[63, 74, 59, 274]
[9, 10, 6, 54]
[12, 15, 10, 64]
[9, 12, 10, 54]
[131, 132, 64, 136]
[64, 131, 15, 132]
[15, 64, 12, 131]
[24, 25, 21, 31]
[34, 110, 101, 111]
[99, 101, 34, 110]
[22, 99, 34, 110]
[1, 5, 3, 29]
[22, 102, 99, 110]
[47, 48, 36, 49]
[25, 180, 175, 184]
[173, 175, 25, 180]
[25, 173, 22, 175]
[109, 119, 36, 121]
[36, 109, 8, 119]
[8, 36, 4, 109]
[6, 7, 2, 28]
[21, 25, 22, 34]
[218, 219, 42, 222]
[42, 140, 128, 220]
[149, 165, 75, 301]
[282, 301, 75, 349]
[75, 282, 281, 301]
[63, 281, 75, 282]
[123, 133, 48, 137]
[75, 281, 149, 301]
[147, 149, 75, 281]
[63, 147, 75, 281]
[52, 250, 190, 251]
[67, 207, 284, 318]
[67, 207, 206, 284]
[37, 206, 67, 207]
[38, 144, 142, 154]
[14, 142, 38, 144]
[13, 38, 14, 142]
[143, 152, 76, 156]
[76, 143, 141, 152]
[13, 141, 76, 143]
[42, 141, 140, 151]
[139, 140, 42, 141]
[13, 139, 42, 141]
[14, 41, 10, 68]
[75, 149, 159, 166]
[75, 149, 146, 159]
[75, 146, 17, 159]
[233, 242, 47, 244]
[8, 12, 9, 50]
[17, 39, 15, 71]
[196, 297, 65, 303]
[65, 196, 195, 297]
[27, 195, 65, 196]
[75, 148, 146, 149]
[71, 146, 75, 148]
[17, 75, 71, 146]
[182, 183, 25, 186]
[66, 130, 207, 312]
[66, 130, 127, 207]
[66, 127, 37, 207]
[10, 11, 7, 57]
[192, 196, 27, 197]
[176, 177, 23, 179]
[23, 171, 176, 179]
[23, 171, 168, 176]
[19, 168, 23, 171]
[5, 9, 6, 33]
[98, 100, 34, 101]
[34, 98, 29, 100]
[29, 34, 21, 98]
[127, 203, 37, 207]
[5, 6, 3, 33]
[160, 161, 17, 163]
[192, 194, 27, 196]
[17, 161, 158, 164]
[157, 158, 17, 161]
[17, 157, 16, 158]
[75, 165, 149, 166]
[3, 18, 0, 20]
[18, 24, 20, 30]
[46, 111, 108, 112]
[34, 108, 46, 111]
[4, 46, 34, 108]
[21, 29, 24, 31]
[4, 5, 1, 29]
[20, 21, 1, 29]
[1, 3, 0, 20]
[203, 206, 37, 207]
[57, 66, 37, 67]
[77, 213, 212, 214]
[76, 212, 77, 213]
[42, 77, 76, 212]
[219, 220, 42, 222]
[23, 24, 18, 44]
[75, 166, 162, 316]
[159, 162, 75, 166]
[75, 159, 17, 162]
[195, 267, 65, 297]
[65, 195, 58, 267]
[58, 65, 27, 195]
[42, 151, 140, 218]
[154, 208, 38, 210]
[38, 158, 154, 210]
[153, 154, 38, 158]
[16, 153, 38, 158]
[76, 154, 142, 155]
[38, 142, 76, 154]
[13, 76, 38, 142]
[13, 66, 38, 76]
[66, 76, 42, 77]
[152, 212, 76, 213]
[76, 152, 151, 212]
[76, 151, 42, 212]
[42, 218, 140, 219]
[251, 268, 65, 304]
[65, 251, 58, 268]
[58, 65, 52, 251]
[76, 208, 155, 215]
[154, 155, 76, 208]
[38, 154, 76, 208]
[66, 220, 130, 312]
[128, 130, 66, 220]
[42, 128, 66, 220]
[15, 64, 39, 68]
[9, 50, 12, 54]
[58, 265, 263, 269]
[261, 263, 58, 265]
[58, 261, 56, 263]
[39, 164, 158, 211]
[17, 158, 39, 164]
[16, 39, 17, 158]
[52, 58, 31, 61]
[46, 174, 112, 231]
[110, 112, 46, 174]
[22, 110, 46, 174]
[43, 92, 91, 95]
[2, 91, 43, 92]
[0, 43, 2, 91]
[177, 178, 23, 179]
[19, 23, 18, 44]
[63, 135, 145, 147]
[63, 135, 132, 145]
[63, 132, 15, 145]
[75, 313, 302, 316]
[27, 191, 186, 195]
[182, 186, 27, 191]
[27, 182, 25, 186]
[26, 27, 25, 58]
[63, 239, 238, 240]
[59, 238, 63, 239]
[48, 63, 59, 238]
[39, 64, 15, 71]
[138, 147, 63, 150]
[43, 103, 95, 105]
[92, 95, 43, 103]
[2, 92, 43, 103]
[0, 18, 3, 43]
[45, 107, 106, 117]
[103, 106, 45, 107]
[2, 103, 45, 107]
[47, 236, 235, 237]
[234, 235, 47, 236]
[47, 234, 46, 235]
[41, 57, 54, 60]
[16, 38, 14, 39]
[27, 188, 189, 197]
[27, 188, 187, 189]
[26, 187, 27, 188]
[66, 128, 126, 130]
[42, 126, 66, 128]
[13, 66, 42, 126]
[17, 163, 161, 164]
[42, 212, 151, 218]
[141, 151, 76, 152]
[76, 141, 42, 151]
[42, 76, 13, 141]
[285, 286, 78, 287]
[78, 285, 284, 286]
[78, 284, 67, 286]
[42, 66, 13, 76]
[155, 156, 76, 215]
[76, 156, 152, 213]
[208, 209, 38, 210]
[24, 30, 18, 44]
[208, 215, 79, 217]
[79, 208, 76, 215]
[76, 79, 38, 208]
[73, 211, 210, 345]
[39, 210, 73, 211]
[38, 73, 39, 210]
[11, 41, 14, 66]
[162, 163, 17, 164]
[158, 210, 39, 211]
[39, 158, 38, 210]
[38, 39, 16, 158]
[185, 198, 58, 265]
[58, 185, 31, 198]
[31, 58, 25, 185]
[75, 301, 165, 302]
[75, 302, 166, 316]
[10, 15, 14, 68]
[33, 51, 32, 54]
[178, 187, 52, 190]
[52, 178, 26, 187]
[26, 52, 23, 178]
[212, 218, 42, 221]
[19, 104, 94, 167]
[79, 340, 332, 341]
[331, 332, 79, 340]
[77, 331, 79, 340]
[75, 348, 282, 349]
[74, 282, 75, 348]
[63, 75, 74, 282]
[165, 166, 75, 302]
[71, 315, 164, 337]
[162, 164, 71, 315]
[71, 162, 17, 164]
[42, 219, 140, 220]
[162, 315, 75, 316]
[75, 162, 71, 315]
[71, 75, 17, 162]
[39, 41, 38, 68]
[63, 275, 150, 281]
[77, 215, 214, 216]
[213, 214, 77, 215]
[76, 213, 77, 215]
[25, 183, 180, 185]
[17, 162, 160, 163]
[220, 312, 78, 319]
[78, 220, 66, 312]
[66, 78, 42, 220]
[156, 213, 76, 215]
[59, 74, 49, 80]
[159, 160, 17, 162]
[78, 319, 259, 354]
[215, 216, 79, 217]
[79, 215, 77, 216]
[77, 79, 76, 215]
[214, 339, 77, 340]
[42, 221, 218, 222]
[78, 79, 77, 81]
[77, 216, 214, 340]
[66, 78, 40, 79]
[40, 73, 38, 79]
[38, 66, 40, 79]
[209, 217, 79, 336]
[79, 209, 208, 217]
[38, 208, 79, 209]
[79, 336, 217, 341]
[138, 150, 63, 275]
[307, 309, 65, 310]
[79, 332, 325, 336]
[323, 325, 79, 332]
[79, 323, 70, 325]
[322, 350, 82, 351]
[82, 322, 321, 350]
[82, 321, 80, 350]
[65, 304, 303, 307]
[65, 279, 304, 307]
[65, 279, 278, 304]
[62, 278, 65, 279]
[38, 153, 144, 154]
[16, 144, 38, 153]
[14, 38, 16, 144]
[76, 155, 143, 156]
[142, 143, 76, 155]
[76, 142, 13, 143]
[147, 148, 75, 149]
[75, 147, 71, 148]
[71, 75, 63, 147]
[15, 16, 14, 39]
[27, 193, 191, 195]
[57, 125, 118, 129]
[11, 118, 57, 125]
[7, 57, 11, 118]
[315, 337, 71, 338]
[66, 126, 125, 130]
[13, 125, 66, 126]
[11, 66, 13, 125]
[38, 76, 66, 79]
[71, 74, 63, 75]
[83, 316, 315, 317]
[75, 315, 83, 316]
[71, 83, 75, 315]
[30, 33, 28, 51]
[73, 82, 69, 83]
[112, 113, 46, 231]
[46, 234, 202, 235]
[172, 174, 22, 175]
[264, 270, 59, 273]
[59, 264, 239, 270]
[49, 64, 60, 69]
[30, 31, 29, 32]
[32, 56, 49, 60]
[30, 44, 31, 51]
[32, 50, 33, 54]
[31, 58, 56, 61]
[199, 232, 47, 233]
[47, 199, 46, 232]
[46, 47, 34, 199]
[28, 51, 33, 54]
[35, 36, 32, 49]
[41, 60, 54, 64]
[78, 357, 354, 358]
[353, 354, 78, 357]
[77, 353, 78, 357]
[198, 201, 56, 261]
[56, 198, 35, 201]
[35, 56, 31, 198]
[35, 198, 185, 201]
[31, 185, 35, 198]
[25, 35, 31, 185]
[253, 257, 53, 258]
[45, 205, 227, 228]
[45, 205, 204, 227]
[37, 204, 45, 205]
[338, 346, 83, 355]
[83, 338, 73, 346]
[73, 83, 71, 338]
[64, 69, 49, 74]
[53, 254, 252, 258]
[348, 349, 83, 352]
[83, 348, 75, 349]
[75, 83, 74, 348]
[46, 231, 202, 234]
[46, 232, 231, 234]
[47, 233, 234, 236]
[47, 233, 232, 234]
[47, 232, 46, 234]
[34, 46, 36, 47]
[77, 78, 66, 79]
[217, 340, 79, 341]
[79, 217, 216, 340]
[79, 216, 77, 340]
[40, 67, 60, 84]
[226, 229, 45, 230]
[69, 74, 71, 83]
[289, 292, 84, 371]
[61, 65, 56, 72]
[74, 75, 71, 83]
[78, 285, 259, 319]
[312, 318, 78, 319]
[78, 312, 67, 318]
[67, 78, 66, 312]
[40, 66, 41, 67]
[57, 60, 41, 67]
[32, 54, 51, 60]
[53, 55, 37, 67]
[203, 205, 37, 206]
[78, 318, 285, 319]
[284, 285, 78, 318]
[67, 284, 78, 318]
[62, 253, 250, 266]
[53, 250, 62, 253]
[52, 62, 53, 250]
[62, 260, 256, 276]
[55, 256, 62, 260]
[53, 62, 55, 256]
[72, 82, 69, 85]
[72, 311, 295, 342]
[294, 295, 72, 311]
[65, 294, 72, 311]
[71, 73, 69, 83]
[86, 287, 286, 290]
[78, 286, 86, 287]
[67, 86, 78, 286]
[67, 284, 283, 286]
[256, 260, 67, 291]
[67, 256, 55, 260]
[55, 67, 53, 256]
[67, 286, 283, 291]
[78, 353, 222, 354]
[77, 222, 78, 353]
[42, 78, 77, 222]
[222, 319, 78, 354]
[78, 222, 220, 319]
[42, 220, 78, 222]
[34, 36, 35, 47]
[233, 236, 47, 242]
[59, 249, 264, 272]
[59, 249, 248, 264]
[49, 248, 59, 249]
[65, 269, 263, 305]
[58, 263, 65, 269]
[56, 65, 58, 263]
[270, 271, 59, 274]
[274, 348, 80, 350]
[80, 274, 74, 348]
[74, 80, 59, 274]
[73, 210, 335, 345]
[73, 210, 209, 335]
[38, 209, 73, 210]
[47, 200, 199, 233]
[35, 199, 47, 200]
[34, 47, 35, 199]
[236, 241, 47, 242]
[36, 47, 46, 48]
[25, 34, 21, 35]
[29, 35, 34, 36]
[35, 185, 200, 201]
[35, 185, 184, 200]
[25, 184, 35, 185]
[59, 64, 49, 74]
[63, 64, 59, 74]
[243, 247, 49, 248]
[49, 243, 48, 247]
[48, 49, 47, 243]
[201, 244, 56, 261]
[56, 201, 47, 244]
[47, 56, 35, 201]
[261, 262, 56, 263]
[183, 185, 25, 186]
[243, 245, 47, 246]
[47, 244, 242, 246]
[40, 79, 78, 86]
[320, 322, 82, 351]
[47, 245, 244, 246]
[69, 82, 74, 83]
[56, 61, 58, 65]
[65, 297, 269, 305]
[267, 269, 65, 297]
[65, 267, 58, 269]
[83, 351, 348, 352]
[82, 348, 83, 351]
[74, 83, 82, 348]
[58, 61, 52, 65]
[65, 278, 251, 304]
[62, 251, 65, 278]
[52, 65, 62, 251]
[69, 73, 40, 85]
[66, 77, 42, 78]
[65, 308, 306, 311]
[303, 308, 65, 309]
[303, 306, 65, 308]
[76, 77, 66, 79]
[38, 40, 39, 73]
[79, 335, 209, 336]
[73, 209, 79, 335]
[38, 79, 73, 209]
[325, 335, 79, 336]
[79, 325, 73, 335]
[73, 79, 70, 325]
[55, 60, 57, 67]
[40, 69, 39, 73]
[15, 39, 14, 68]
[41, 68, 39, 69]
[10, 64, 15, 68]
[10, 14, 11, 41]
[84, 291, 260, 292]
[67, 260, 84, 291]
[55, 84, 67, 260]
[51, 54, 28, 60]
[69, 82, 73, 85]
[65, 306, 305, 311]
[297, 305, 65, 306]
[65, 303, 297, 306]
[72, 84, 60, 87]
[62, 257, 266, 277]
[62, 257, 253, 266]
[53, 253, 62, 257]
[40, 60, 41, 69]
[49, 74, 69, 80]
[60, 64, 41, 69]
[65, 310, 309, 311]
[60, 69, 40, 85]
[64, 71, 69, 74]
[64, 68, 41, 69]
[39, 68, 64, 69]
[37, 53, 28, 55]
[53, 206, 252, 255]
[53, 206, 205, 252]
[37, 205, 53, 206]
[44, 51, 28, 53]
[67, 84, 40, 86]
[51, 55, 53, 62]
[51, 53, 52, 62]
[78, 354, 259, 358]
[298, 302, 75, 313]
[300, 313, 83, 314]
[83, 300, 298, 313]
[83, 298, 75, 313]
[300, 314, 83, 365]
[314, 316, 83, 317]
[83, 314, 313, 316]
[83, 313, 75, 316]
[53, 230, 253, 258]
[53, 230, 229, 253]
[45, 229, 53, 230]
[280, 310, 87, 367]
[87, 280, 65, 310]
[65, 87, 62, 280]
[252, 254, 53, 255]
[259, 285, 78, 287]
[51, 61, 55, 62]
[331, 339, 77, 353]
[65, 309, 308, 311]
[62, 65, 61, 87]
[61, 62, 52, 65]
[32, 51, 31, 61]
[51, 52, 31, 61]
[51, 60, 55, 61]
[72, 262, 249, 295]
[56, 249, 72, 262]
[49, 72, 56, 249]
[82, 83, 73, 88]
[88, 370, 366, 387]
[364, 366, 88, 370]
[82, 364, 88, 370]
[49, 69, 60, 72]
[82, 88, 85, 89]
[77, 339, 331, 340]
[77, 339, 222, 353]
[221, 222, 77, 339]
[77, 221, 42, 222]
[77, 214, 221, 339]
[77, 214, 212, 221]
[77, 212, 42, 221]
[332, 336, 79, 341]
[286, 289, 86, 290]
[86, 286, 84, 289]
[84, 86, 67, 286]
[70, 328, 326, 329]
[73, 85, 70, 86]
[323, 332, 86, 334]
[86, 323, 79, 332]
[79, 86, 70, 323]
[28, 57, 55, 60]
[75, 301, 298, 349]
[67, 283, 256, 291]
[254, 256, 67, 283]
[67, 254, 53, 256]
[356, 359, 88, 366]
[60, 84, 55, 87]
[53, 257, 254, 258]
[259, 287, 78, 358]
[357, 358, 81, 361]
[81, 357, 78, 358]
[78, 81, 77, 357]
[81, 358, 288, 361]
[287, 288, 81, 358]
[78, 287, 81, 358]
[65, 307, 303, 309]
[266, 278, 62, 279]
[69, 80, 74, 82]
[82, 350, 348, 351]
[80, 348, 82, 350]
[74, 82, 80, 348]
[72, 80, 69, 82]
[84, 85, 40, 86]
[371, 373, 90, 374]
[90, 371, 87, 373]
[87, 90, 84, 371]
[311, 342, 87, 377]
[87, 311, 72, 342]
[72, 87, 65, 311]
[65, 280, 307, 310]
[65, 280, 279, 307]
[62, 279, 65, 280]
[73, 345, 335, 346]
[343, 360, 82, 369]
[82, 343, 80, 360]
[80, 82, 72, 343]
[60, 72, 69, 85]
[236, 237, 47, 243]
[48, 243, 238, 247]
[237, 238, 48, 243]
[47, 237, 48, 243]
[59, 248, 247, 264]
[49, 247, 59, 248]
[48, 59, 49, 247]
[82, 322, 320, 369]
[59, 272, 264, 273]
[289, 291, 84, 292]
[84, 289, 286, 291]
[84, 286, 67, 291]
[255, 283, 67, 284]
[67, 255, 254, 283]
[53, 254, 67, 255]
[55, 61, 60, 87]
[55, 62, 61, 87]
[28, 55, 51, 60]
[55, 57, 37, 67]
[206, 255, 67, 284]
[67, 206, 53, 255]
[53, 67, 37, 206]
[314, 317, 83, 355]
[69, 72, 49, 80]
[40, 78, 67, 86]
[376, 381, 90, 382]
[90, 376, 89, 381]
[89, 90, 85, 376]
[83, 364, 300, 365]
[299, 300, 83, 364]
[82, 299, 83, 364]
[88, 359, 356, 383]
[88, 356, 347, 383]
[346, 347, 88, 356]
[88, 346, 73, 347]
[296, 321, 80, 360]
[89, 388, 329, 389]
[327, 329, 89, 388]
[89, 327, 70, 329]
[70, 324, 323, 329]
[45, 228, 226, 230]
[53, 252, 230, 258]
[228, 230, 53, 252]
[53, 228, 45, 230]
[90, 391, 379, 394]
[89, 379, 90, 391]
[86, 90, 89, 379]
[293, 367, 87, 373]
[81, 361, 288, 362]
[66, 67, 40, 78]
[62, 277, 266, 279]
[249, 272, 80, 296]
[80, 249, 59, 272]
[59, 80, 49, 249]
[65, 305, 294, 311]
[72, 294, 262, 295]
[65, 262, 72, 294]
[56, 72, 65, 262]
[61, 72, 60, 87]
[47, 49, 35, 56]
[245, 249, 56, 262]
[56, 245, 49, 249]
[49, 56, 47, 245]
[56, 261, 245, 262]
[244, 245, 56, 261]
[56, 244, 47, 245]
[299, 320, 82, 351]
[300, 351, 83, 352]
[83, 300, 299, 351]
[83, 299, 82, 351]
[89, 389, 330, 391]
[329, 330, 89, 389]
[89, 329, 70, 330]
[83, 349, 300, 352]
[298, 300, 83, 349]
[75, 298, 83, 349]
[63, 274, 275, 282]
[63, 274, 271, 275]
[59, 271, 63, 274]
[87, 293, 280, 367]
[276, 280, 87, 293]
[87, 276, 62, 280]
[87, 367, 311, 377]
[310, 311, 87, 367]
[87, 310, 65, 311]
[40, 85, 73, 86]
[60, 67, 55, 84]
[80, 296, 273, 321]
[272, 273, 80, 296]
[80, 272, 59, 273]
[73, 85, 82, 88]
[80, 295, 249, 296]
[72, 249, 80, 295]
[49, 80, 72, 249]
[368, 377, 90, 378]
[90, 368, 367, 377]
[90, 367, 87, 377]
[65, 72, 61, 87]
[295, 343, 72, 344]
[40, 84, 60, 85]
[85, 86, 84, 90]
[81, 332, 331, 333]
[79, 331, 81, 332]
[77, 81, 79, 331]
[86, 334, 363, 379]
[86, 334, 333, 363]
[86, 333, 81, 363]
[86, 363, 290, 379]
[288, 290, 86, 363]
[81, 288, 86, 363]
[331, 353, 77, 357]
[320, 364, 82, 370]
[80, 343, 296, 360]
[295, 296, 80, 343]
[72, 295, 80, 343]
[80, 321, 274, 350]
[273, 274, 80, 321]
[80, 273, 59, 274]
[59, 273, 270, 274]
[343, 369, 85, 375]
[85, 343, 82, 369]
[82, 85, 72, 343]
[86, 288, 287, 290]
[81, 287, 86, 288]
[78, 86, 81, 287]
[81, 333, 357, 361]
[81, 333, 331, 357]
[81, 331, 77, 357]
[332, 333, 86, 334]
[86, 332, 81, 333]
[81, 86, 79, 332]
[79, 81, 78, 86]
[72, 342, 295, 344]
[376, 380, 89, 381]
[89, 376, 375, 380]
[85, 375, 89, 376]
[88, 355, 346, 356]
[83, 346, 88, 355]
[73, 88, 83, 346]
[330, 379, 89, 391]
[89, 330, 86, 379]
[86, 89, 70, 330]
[378, 382, 90, 393]
[72, 85, 84, 90]
[90, 377, 342, 378]
[87, 342, 90, 377]
[72, 90, 87, 342]
[89, 375, 369, 380]
[85, 369, 89, 375]
[82, 89, 85, 369]
[87, 292, 260, 293]
[84, 260, 87, 292]
[55, 87, 84, 260]
[82, 360, 322, 369]
[321, 322, 82, 360]
[80, 321, 82, 360]
[85, 88, 70, 89]
[88, 365, 356, 366]
[355, 356, 88, 365]
[83, 355, 88, 365]
[364, 365, 88, 366]
[88, 364, 83, 365]
[83, 88, 82, 364]
[82, 369, 320, 370]
[86, 290, 372, 379]
[86, 290, 289, 372]
[86, 289, 84, 372]
[88, 347, 326, 383]
[73, 326, 88, 347]
[70, 88, 73, 326]
[70, 79, 73, 86]
[73, 79, 40, 86]
[314, 355, 83, 365]
[73, 335, 326, 347]
[325, 326, 73, 335]
[73, 325, 70, 326]
[86, 330, 334, 379]
[86, 330, 323, 334]
[70, 323, 86, 330]
[374, 393, 90, 394]
[361, 362, 81, 363]
[81, 362, 288, 363]
[90, 382, 390, 393]
[90, 382, 381, 390]
[90, 381, 89, 390]
[90, 393, 391, 394]
[390, 391, 90, 393]
[90, 390, 89, 391]
[90, 374, 368, 393]
[53, 256, 254, 257]
[260, 276, 87, 293]
[87, 260, 62, 276]
[62, 87, 55, 260]
[276, 277, 62, 280]
[277, 279, 62, 280]
[381, 386, 89, 390]
[88, 366, 359, 387]
[359, 383, 88, 387]
[90, 378, 344, 382]
[342, 344, 90, 378]
[90, 342, 72, 344]
[289, 371, 84, 372]
[60, 84, 72, 85]
[333, 361, 81, 363]
[368, 378, 90, 393]
[344, 376, 90, 382]
[90, 344, 85, 376]
[85, 90, 72, 344]
[85, 89, 86, 90]
[384, 385, 89, 389]
[83, 317, 338, 355]
[83, 317, 315, 338]
[83, 315, 71, 338]
[73, 338, 345, 346]
[73, 338, 337, 345]
[71, 337, 73, 338]
[385, 388, 89, 389]
[70, 326, 324, 329]
[70, 327, 326, 328]
[70, 329, 323, 330]
[70, 325, 324, 326]
[73, 346, 335, 347]
[70, 85, 73, 88]
[85, 344, 375, 376]
[85, 344, 343, 375]
[72, 343, 85, 344]
[380, 388, 89, 392]
[327, 328, 70, 329]
[88, 383, 327, 387]
[326, 327, 88, 383]
[88, 326, 70, 327]
[82, 320, 299, 364]
[90, 379, 372, 394]
[86, 372, 90, 379]
[84, 90, 86, 372]
[84, 87, 72, 90]
[90, 373, 368, 374]
[367, 368, 90, 373]
[87, 367, 90, 373]
[89, 385, 384, 386]
[87, 371, 293, 373]
[292, 293, 87, 371]
[84, 292, 87, 371]
[372, 374, 90, 394]
[90, 372, 371, 374]
[84, 371, 90, 372]
[385, 386, 89, 392]
[384, 389, 89, 391]
[89, 386, 384, 390]
[89, 387, 327, 388]
[88, 327, 89, 387]
[70, 89, 88, 327]
[70, 86, 85, 89]
[370, 387, 89, 388]
[89, 370, 88, 387]
[88, 89, 82, 370]
[89, 380, 370, 388]
[369, 370, 89, 380]
[89, 369, 82, 370]
[89, 381, 380, 392]
[89, 390, 384, 391]
[89, 388, 385, 392]
[89, 386, 381, 392]
[104, 167, 19, 169]
[45, 106, 223, 225]
[45, 106, 105, 223]
[45, 105, 43, 223]
[43, 105, 169, 223]
[43, 105, 104, 169]
[43, 104, 19, 169]
[225, 226, 45, 227]
[106, 225, 45, 227]
[241, 243, 47, 246]
[47, 242, 241, 246]
[32, 36, 33, 50]
[29, 33, 32, 36]
[32, 60, 51, 61]
[49, 54, 32, 60]
[31, 56, 32, 61]
[31, 32, 30, 51]
